rec_recycling.swf Movie Report
-------------------------------

Frame #    Frame Bytes    Total Bytes    Scene
-------    -----------    -----------    ----------------
      1          47836          47836    Scene 109 (AS 2.0 Classes Export Frame)
      2              1          47837    
      3              1          47838    
      4              1          47839    
      5              1          47840    
      6             34          47874    
      7             13          47887    
      8             13          47900    
      9             13          47913    
     10             13          47926    
     11             13          47939    
     12             13          47952    
     13             13          47965    
     14             13          47978    
     15             13          47991    
     16             13          48004    
     17             13          48017    
     18             13          48030    
     19             12          48042    
     20             12          48054    
     21             12          48066    
     22             12          48078    
     23             12          48090    
     24             12          48102    
     25             12          48114    
     26             12          48126    
     27            397          48523    recycling
     28              1          48524    
     29              1          48525    
     30              1          48526    
     31              1          48527    
     32              1          48528    
     33              1          48529    
     34              1          48530    
     35              1          48531    
     36            204          48735    
     37             86          48821    
     38             86          48907    
     39             86          48993    
     40             86          49079    
     41             86          49165    
     42             86          49251    
     43             86          49337    
     44             86          49423    
     45             86          49509    
     46             86          49595    
     47             86          49681    
     48             86          49767    
     49             86          49853    
     50             67          49920    
     51             86          50006    
     52             86          50092    
     53             86          50178    
     54             86          50264    
     55             86          50350    
     56             86          50436    
     57             86          50522    
     58             86          50608    
     59             86          50694    
     60             86          50780    
     61             86          50866    
     62             86          50952    
     63             86          51038    
     64             86          51124    
     65             86          51210    
     66             86          51296    
     67             86          51382    
     68             86          51468    
     69             86          51554    
     70             86          51640    
     71             86          51726    
     72             86          51812    
     73             86          51898    
     74             86          51984    
     75             86          52070    
     76             86          52156    
     77             86          52242    
     78             86          52328    
     79             86          52414    
     80             86          52500    
     81             86          52586    
     82             86          52672    
     83             86          52758    
     84             86          52844    
     85             86          52930    
     86             86          53016    
     87             86          53102    
     88             86          53188    
     89             86          53274    
     90             86          53360    
     91             86          53446    
     92             86          53532    
     93             86          53618    
     94             86          53704    
     95             86          53790    
     96             86          53876    
     97             86          53962    
     98             86          54048    
     99             86          54134    
    100             86          54220    
    101            972          55192    b
    102            128          55320    
    103            128          55448    
    104            128          55576    
    105            154          55730    
    106            556          56286    Scene 103
    107            111          56397    
    108            111          56508    
    109            111          56619    
    110            111          56730    
    111            111          56841    
    112            111          56952    
    113            111          57063    
    114            111          57174    
    115            111          57285    
    116            111          57396    
    117            110          57506    
    118            110          57616    
    119            110          57726    
    120            110          57836    
    121            110          57946    
    122            110          58056    
    123            110          58166    
    124            109          58275    
    125            109          58384    
    126            109          58493    
    127            109          58602    
    128            109          58711    
    129            109          58820    
    130            109          58929    
    131            109          59038    
    132            109          59147    
    133            109          59256    
    134            109          59365    
    135            109          59474    
    136            107          59581    
    137            107          59688    
    138            107          59795    
    139            107          59902    
    140            107          60009    
    141            107          60116    
    142            107          60223    
    143            107          60330    
    144            106          60436    
    145            259          60695    
    146            318          61013    Scene 110
    147            114          61127    
    148            114          61241    
    149            248          61489    
    150            114          61603    
    151            114          61717    
    152            114          61831    
    153            114          61945    
    154            114          62059    
    155            114          62173    
    156            114          62287    
    157            114          62401    
    158            114          62515    
    159            114          62629    
    160            114          62743    
    161            114          62857    
    162            114          62971    
    163            114          63085    
    164            114          63199    
    165            114          63313    
    166            114          63427    
    167            114          63541    
    168            114          63655    
    169            114          63769    
    170            114          63883    
    171            114          63997    
    172            114          64111    
    173            114          64225    
    174            114          64339    
    175            114          64453    
    176            114          64567    
    177            114          64681    
    178            114          64795    
    179            114          64909    
    180            114          65023    
    181            114          65137    
    182            114          65251    
    183            114          65365    
    184            114          65479    
    185            164          65643    
    186            373          66016    Scene 104
    187             81          66097    
    188            309          66406    
    189             16          66422    
    190            402          66824    
    191            303          67127    
    192            317          67444    Scene 104 copy
    193            120          67564    
    194             63          67627    
    195             63          67690    
    196             63          67753    
    197             63          67816    
    198             63          67879    
    199             63          67942    
    200             63          68005    
    201             63          68068    
    202             63          68131    
    203             63          68194    
    204             63          68257    
    205             63          68320    
    206             63          68383    
    207             63          68446    
    208             63          68509    
    209             63          68572    
    210             63          68635    
    211             63          68698    
    212             63          68761    
    213             63          68824    
    214             63          68887    
    215             63          68950    
    216            328          69278    
    217            470          69748    Scene 104 copy copy
    218            549          70297    
    219             56          70353    
    220             56          70409    
    221             56          70465    
    222             56          70521    
    223             56          70577    
    224             54          70631    
    225            251          70882    
    226            344          71226    
    227            262          71488    
    228            215          71703    
    229            211          71914    
    230            194          72108    
    231            275          72383    

Scene                        Shape Bytes    Text Bytes    ActionScript Bytes
-------------------------    -----------    ----------    ------------------
Scene 109                              0             0                    28
recycling                              0             0                     0
b                                      0           191                    28
Scene 103                              0           113                    28
Scene 110                             52             0                     0
Scene 104                            728             0                     0
Scene 104 copy                       338           146                    28
Scene 104 copy copy                 1476           110                    28

Symbol                       Shape Bytes    Text Bytes    ActionScript Bytes
-------------------------    -----------    ----------    ------------------
Symbol 33                              0             0                     0
Symbol 32                             74             0                     0
Symbol 31                             74             0                     0
Symbol 30                              0             0                     0
Symbol 29                              0             0                     0
Symbol 28                              0             0                     0
Symbol 27                              0             0                     0
Symbol 26                            154             0                     0
locator                              686           317                    28
Symbol 25                              0             0                     0
Symbol 24                              0             0                     0
Symbol 23                              0             0                     0
Symbol 22                              0             0                     0
div                                   97             0                     0
form                                   0             0                     0
rec2                                   0             0                     0
violet rec                             0             0                     0
cholesterol                            0             0                     0
lysosome                               0             0                     0
last end                               0             0                     0
active enz                             0             0                     0
Symbol 21                              0             0                     0
proton pomp                           57             0                     0
rec green                             85             0                     0
rec+LDL                                0             0                     0
red rec                              107             0                     0
green bal                              0             0                     0
red ball                               0             0                     0
REC                                    0             0                     0
GREEN REC                              0             0                     0
YELLOW PROT                            0             0                     0
ORANGE PROT                            0             0                     0
BLU PROT                               0             0                     0
PINK                                   0             0                     0
CYTO                                   0             0                     0
SKY                                    0             0                     0
BALL GREEN                             0             0                     0
back                                   0             0                     0
group phos                             0             0                     0
group pho                              0             0                     0
Symbol 19                              0             0                     0
Symbol 18                              0             0                     0
Symbol 17                              0             0                     0
FUSION                                 0             0                     0
ENZ                                    0             0                     0
ENZ INAC                               0             0                     0
INACTIVE ENZ                           0             0                     0
Symbol 16                              0             0                     0
Symbol 15                              0             0                     0
Symbol 14                              0             0                     0
Symbol 13                              0             0                     0
SMALL VESC                             0             0                     0
Symbol 12                              0             0                     0
Symbol 11                              0             0                     0
Symbol 10                              0             0                     0
Symbol 9                               0             0                     0
Symbol 8                               0             0                     0
Symbol 7                              56             0                     0
Symbol 6                               0             0                     0
Symbol 5                             196             0                     0
Symbol 4                               0             0                     0
endo2                                247             0                     0
endosome2                              0             0                     0
endosome                             174             0                     0
endosome gradient                    164             0                     0
receptors green                        0             0                     0
inactive receptor                     78             0                     0
uncoated-vescic                        0             0                     0
coated-vesc                            0             0                     0
rec-clath                              0             0                     0
lig_rec-adapt                          0             0                     0
clathrinBoundReceptor                  0             0                     0
clathrin                               0             0                     0
Symbol 2                               0             0                     0
Symbol 1                               0             0                     0
Tween 26                               0             0                     0
Tween 28                               0             0                     0
pacman                                 0             0                     0
shadow                                 0             0                     0
hazy ring 3                            0             0                     0
hazy ring 2                            0             0                     0
haze                                   0             0                     0
arcade button - blue                   0             0                     0
endo3                                  0             0                     0
Symbol 20                              0             0                     0
Symbol 3                              30             0                     0
adaptin                                0             0                     0
phospholipid                           0             0                     0
round                                  0             0                     0
ball                                   0             0                     0
ballll                                 0             0                     0
arch                                   0             0                     0
liposome                               0             0                     0
GREEN                                 91             0                     0
sphere                                68             0                     0
LDL                                    0             0                     0
pH_scale                              41             0                     0
ph scale                             133             0                     0
summary                              108           151                     0


Tweened Shapes: 510 bytes

Font Name                 Bytes        Characters    
----------------------    ---------    --------------
Verdana                        2591     '.7DGHLTabcdefghilmnoprstuvwy
Verdana Bold                    611     567Hp

ActionScript Bytes    Location
------------------    --------
                28    locator:action:1
                28    Scene 109:action:6
                28    b:action:5
                28    Scene 103:action:40
                28    Scene 104 copy:action:25
                28    Scene 104 copy copy:Layer 7:15

Bitmap                     Compressed    Compression
-----------------------    ----------  --------  -----------
summery2.jpg                   41410     2069496   JPEG Quality=50




