rec_recycling.swf Movie Report
-------------------------------

Frame #    Frame Bytes    Total Bytes    Scene
-------    -----------    -----------    ----------------
      1          93169          93169    Scene 109 (AS 2.0 Classes Export Frame)
      2              8          93177    
      3              8          93185    
      4              8          93193    
      5              8          93201    
      6              8          93209    
      7              8          93217    
      8              8          93225    
      9              8          93233    
     10              8          93241    
     11              8          93249    
     12              8          93257    
     13              7          93264    
     14              7          93271    
     15              7          93278    
     16              7          93285    
     17              7          93292    
     18              7          93299    
     19              7          93306    
     20              7          93313    
     21           4415          97728    recycling
     22              0          97728    
     23              0          97728    
     24              0          97728    
     25              0          97728    
     26              0          97728    
     27              0          97728    
     28              0          97728    
     29              0          97728    
     30            127          97855    
     31             53          97908    
     32             53          97961    
     33             53          98014    
     34             53          98067    
     35             53          98120    
     36             53          98173    
     37             53          98226    
     38             53          98279    
     39             53          98332    
     40             53          98385    
     41             53          98438    
     42             53          98491    
     43             53          98544    
     44             41          98585    
     45           4111         102696    
     46           4111         106807    
     47           4111         110918    
     48           4111         115029    
     49           4111         119140    
     50           4111         123251    
     51           4111         127362    
     52           4111         131473    
     53           4111         135584    
     54           4111         139695    
     55           4111         143806    
     56           4111         147917    
     57           4111         152028    
     58           4111         156139    
     59           4111         160250    
     60           4111         164361    
     61           4111         168472    
     62           4111         172583    
     63           4111         176694    
     64           4111         180805    
     65           4111         184916    
     66           4111         189027    
     67           4111         193138    
     68           4111         197249    
     69           4111         201360    
     70           4111         205471    
     71           4111         209582    
     72           4111         213693    
     73           4111         217804    
     74           4111         221915    
     75           4111         226026    
     76           4111         230137    
     77           4111         234248    
     78           4111         238359    
     79           4111         242470    
     80           4111         246581    
     81           4111         250692    
     82           4111         254803    
     83           4111         258914    
     84           4111         263025    
     85           4111         267136    
     86           4110         271246    
     87           4109         275355    
     88           4109         279464    
     89           4109         283573    
     90           4109         287682    
     91           4108         291790    
     92           4108         295898    
     93           4107         300005    
     94           4106         304111    
     95           4106         308217    
     96           4106         312323    
     97           4106         316429    
     98           4106         320535    
     99           4106         324641    
    100           4106         328747    
    101           4106         332853    
    102           4106         336959    
    103           4107         341066    
    104           4106         345172    
    105           4106         349278    
    106           4106         353384    
    107           4106         357490    
    108           4106         361596    
    109           4106         365702    
    110           4106         369808    
    111           4106         373914    
    112           4106         378020    
    113           4106         382126    
    114           4106         386232    
    115           4106         390338    
    116           4106         394444    
    117           4106         398550    
    118           4106         402656    
    119           4106         406762    
    120           4106         410868    
    121           4106         414974    
    122           4106         419080    
    123           4106         423186    
    124           4106         427292    
    125           4106         431398    
    126           4106         435504    
    127           4106         439610    
    128           4106         443716    
    129           4106         447822    
    130           4106         451928    
    131           4106         456034    
    132           4106         460140    
    133           4106         464246    
    134           4106         468352    
    135           4106         472458    
    136           4106         476564    
    137           4106         480670    
    138           4106         484776    
    139           4106         488882    
    140           4106         492988    
    141           4106         497094    
    142           4106         501200    
    143           4106         505306    
    144           4106         509412    
    145           4106         513518    
    146           4106         517624    
    147           4106         521730    
    148           4106         525836    
    149           4106         529942    
    150           4106         534048    
    151           4106         538154    
    152           4106         542260    
    153           4106         546366    
    154           4106         550472    
    155           4106         554578    
    156           4106         558684    
    157           4106         562790    
    158           4106         566896    
    159           4106         571002    
    160           4106         575108    
    161           4106         579214    
    162           4106         583320    
    163           4106         587426    
    164           4106         591532    
    165           4106         595638    
    166           4106         599744    
    167           4106         603850    
    168           4106         607956    
    169           4106         612062    
    170           4106         616168    
    171           4106         620274    
    172           4106         624380    
    173           4106         628486    
    174           4106         632592    
    175           4106         636698    
    176           4106         640804    
    177           4106         644910    
    178           4106         649016    
    179           4106         653122    
    180           4106         657228    
    181           4106         661334    
    182           4106         665440    
    183           4106         669546    
    184           4106         673652    
    185           4106         677758    
    186           4106         681864    
    187           4106         685970    
    188           4106         690076    
    189           4105         694181    
    190           4105         698286    
    191           4104         702390    
    192           4104         706494    
    193           4103         710597    
    194           4103         714700    
    195           4103         718803    
    196           4102         722905    
    197           4101         727006    
    198           4101         731107    
    199           4101         735208    
    200           4101         739309    
    201           4770         744079    b
    202           4144         748223    
    203           4175         752398    
    204           4176         756574    
    205           4357         760931    
    206            241         761172    Scene 103
    207           4116         765288    
    208           4116         769404    
    209           4116         773520    
    210           4115         777635    
    211           4115         781750    
    212           4115         785865    
    213           4114         789979    
    214           4113         794092    
    215           4113         798205    
    216           4112         802317    
    217           4110         806427    
    218           4102         810529    
    219           4095         814624    
    220           4091         818715    
    221           4088         822803    
    222           4087         826890    
    223           4086         830976    
    224           4085         835061    
    225           4084         839145    
    226           4082         843227    
    227           4081         847308    
    228           4081         851389    
    229           4080         855469    
    230           4079         859548    
    231           4075         863623    
    232           4069         867692    
    233           4068         871760    
    234           4066         875826    
    235           4066         879892    
    236           4065         883957    
    237           4066         888023    
    238           4068         892091    
    239           4069         896160    
    240           4070         900230    
    241           4074         904304    
    242           4074         908378    
    243           4072         912450    
    244           4070         916520    
    245           4069         920589    
    246           4685         925274    Scene 110
    247           4069         929343    
    248           4069         933412    
    249           4069         937481    
    250           4069         941550    
    251           4069         945619    
    252           4069         949688    
    253           4069         953757    
    254           4069         957826    
    255           4069         961895    
    256           4069         965964    
    257           4069         970033    
    258           4069         974102    
    259           4069         978171    
    260           4069         982240    
    261           4069         986309    
    262           4069         990378    
    263           4069         994447    
    264           4069         998516    
    265           4068        1002584    
    266           4101        1006685    
    267           1109        1007794    Scene 104
    268            179        1007973    
    269            185        1008158    Scene 104 copy
    270             75        1008233    
    271             39        1008272    
    272             39        1008311    
    273             39        1008350    
    274             39        1008389    
    275             39        1008428    
    276             39        1008467    
    277             39        1008506    
    278             39        1008545    
    279             39        1008584    
    280             39        1008623    
    281             39        1008662    
    282             39        1008701    
    283             39        1008740    
    284             39        1008779    
    285             39        1008818    
    286             39        1008857    
    287             39        1008896    
    288            184        1009080    
    289            212        1009292    Scene 104 copy copy
    290            197        1009489    
    291            146        1009635    
    292            117        1009752    
    293            114        1009866    
    294            103        1009969    
    295             80        1010049    

Scene                        Shape Bytes    Text Bytes    ActionScript Bytes
-------------------------    -----------    ----------    ------------------
Scene 109                              0             0                    17
recycling                              0             0                     0
b                                    236             0                     0
Scene 103                              0             0                     0
Scene 110                             31             0                     0
Scene 104                            222             0                     0
Scene 104 copy                       210             0                     0
Scene 104 copy copy                  604             0                    17

Symbol                       Shape Bytes    Text Bytes    ActionScript Bytes
-------------------------    -----------    ----------    ------------------
Symbol 27                              0             0                     0
Symbol 26                             96             0                     0
locator                              443           197                    17
Symbol 25                              0             0                     0
Symbol 24                              0             0                     0
Symbol 23                              0             0                     0
Symbol 22                              0             0                     0
div                                   60             0                     0
form                                   0             0                     0
rec2                                   0             0                     0
violet rec                             0             0                     0
cholesterol                            0             0                     0
lysosome                               0             0                     0
last end                               0             0                     0
active enz                             0             0                     0
Symbol 21                              0             0                     0
proton pomp                           35             0                     0
rec green                             53             0                     0
rec+LDL                                0             0                     0
red rec                               66             0                     0
green bal                              0             0                     0
red ball                               0             0                     0
LDL                                   84             0                     0
REC                                    0             0                     0
GREEN REC                              0             0                     0
YELLOW PROT                            0             0                     0
ORANGE PROT                            0             0                     0
BLU PROT                               0             0                     0
PINK                                   0             0                     0
CYTO                                   0             0                     0
SKY                                    0             0                     0
BALL GREEN                            35             0                     0
GREEN                                 47             0                     0
round                                 43             0                     0
ball                                  34             0                     0
back                                   0             0                     0
group phos                             0             0                     0
group pho                              0             0                     0
phospholipid                          91             0                     0
Symbol 19                              0             0                     0
Symbol 18                              0             0                     0
Symbol 17                              0             0                     0
FUSION                                 0             0                     0
ENZ                                    0             0                     0
ENZ INAC                               0             0                     0
INACTIVE ENZ                           0             0                     0
Symbol 16                              0             0                     0
Symbol 15                              0             0                     0
Symbol 14                              0             0                     0
Symbol 13                              0             0                     0
SMALL VESC                             0             0                     0
Symbol 12                              0             0                     0
Symbol 11                              0             0                     0
Symbol 10                              0             0                     0
Symbol 9                               0             0                     0
Symbol 8                               0             0                     0
Symbol 7                              35             0                     0
Symbol 6                               0             0                     0
Symbol 5                             122             0                     0
Symbol 4                               0             0                     0
endo2                                153             0                     0
endosome2                              0             0                     0
endosome                             108             0                     0
endosome gradient                    102             0                     0
ph scale                              84            93                     0
receptors green                        0             0                     0
inactive receptor                     48             0                     0
uncoated-vescic                        0             0                     0
coated-vesc                            0             0                     0
rec-clath                              0             0                     0
lig_rec-adapt                          0             0                     0
clathrinBoundReceptor                  0             0                     0
clathrin                               0             0                     0
pH_scale                              25             0                     0
Symbol 2                               0             0                     0
Symbol 1                               0             0                     0
sphere                                42             0                     0
Tween 26                               0             0                     0
Tween 28                               0             0                     0
pacman                                 0             0                     0
shadow                                 0             0                     0
hazy ring 3                            0             0                     0
hazy ring 2                            0             0                     0
haze                                   0             0                     0
arcade button - blue                   0             0                     0
endo3                                  0             0                     0
Symbol 20                              0             0                     0
Symbol 3                              19             0                     0

Font Name                 Bytes        Characters    
----------------------    ---------    --------------
Verdana                        1346     DGLacdefgilmnoprstuvy
Verdana Bold                    406     567hp

ActionScript Bytes    Location
------------------    --------
                17    Scene 109:action:1
                17    locator:action:1
                17    Scene 104 copy copy:Layer 7:7

Bitmap                     Compressed    Compression
-----------------------    ----------  --------  -----------
resume5.jpg                    84756    10314840   Imported JPEG=102




