rec_recycling_recycling.swf Movie Report
-----------------------------------------

Frame #    Frame Bytes    Total Bytes    Scene
-------    -----------    -----------    ----------------
      1           5489           5489    recycling (AS 2.0 Classes Export Frame)
      2              0           5489    
      3              0           5489    
      4              0           5489    
      5              0           5489    
      6              0           5489    
      7              0           5489    
      8              0           5489    
      9              0           5489    
     10            110           5599    
     11             46           5645    
     12             46           5691    
     13             46           5737    
     14             46           5783    
     15             46           5829    
     16             46           5875    
     17             46           5921    
     18             46           5967    
     19             46           6013    
     20             46           6059    
     21             46           6105    
     22             46           6151    
     23             46           6197    
     24             36           6233    
     25           3583           9816    
     26           3583          13399    
     27           3583          16982    
     28           3583          20565    
     29           3583          24148    
     30           3583          27731    
     31           3583          31314    
     32           3583          34897    
     33           3583          38480    
     34           3583          42063    
     35           3583          45646    
     36           3583          49229    
     37           3583          52812    
     38           3583          56395    
     39           3583          59978    
     40           3583          63561    
     41           3583          67144    
     42           3583          70727    
     43           3583          74310    
     44           3583          77893    
     45           3583          81476    
     46           3583          85059    
     47           3583          88642    
     48           3583          92225    
     49           3583          95808    
     50           3583          99391    
     51           3583         102974    
     52           3583         106557    
     53           3583         110140    
     54           3583         113723    
     55           3583         117306    
     56           3583         120889    
     57           3583         124472    
     58           3583         128055    
     59           3583         131638    
     60           3583         135221    
     61           3583         138804    
     62           3583         142387    
     63           3583         145970    
     64           3583         149553    
     65           3583         153136    
     66           3583         156719    
     67           3582         160301    
     68           3582         163883    
     69           3582         167465    
     70           3582         171047    
     71           3581         174628    
     72           3581         178209    
     73           3580         181789    
     74           3580         185369    
     75           3580         188949    
     76           3580         192529    
     77           3580         196109    
     78           3580         199689    
     79           3580         203269    
     80           3580         206849    
     81           3580         210429    
     82           3580         214009    
     83           3580         217589    
     84           3580         221169    
     85           3580         224749    
     86           3580         228329    
     87           3580         231909    
     88           3580         235489    
     89           3580         239069    
     90           3580         242649    
     91           3580         246229    
     92           3580         249809    
     93           3580         253389    
     94           3580         256969    
     95           3580         260549    
     96           3580         264129    
     97           3580         267709    
     98           3580         271289    
     99           3580         274869    
    100           3580         278449    
    101           3580         282029    
    102           3580         285609    
    103           3580         289189    
    104           3580         292769    
    105           3580         296349    
    106           3580         299929    
    107           3580         303509    
    108           3580         307089    
    109           3580         310669    
    110           3580         314249    
    111           3580         317829    
    112           3580         321409    
    113           3580         324989    
    114           3580         328569    
    115           3580         332149    
    116           3580         335729    
    117           3580         339309    
    118           3580         342889    
    119           3580         346469    
    120           3580         350049    
    121           3580         353629    
    122           3580         357209    
    123           3580         360789    
    124           3580         364369    
    125           3580         367949    
    126           3580         371529    
    127           3580         375109    
    128           3580         378689    
    129           3580         382269    
    130           3580         385849    
    131           3580         389429    
    132           3580         393009    
    133           3580         396589    
    134           3580         400169    
    135           3580         403749    
    136           3580         407329    
    137           3580         410909    
    138           3580         414489    
    139           3580         418069    
    140           3580         421649    
    141           3580         425229    
    142           3580         428809    
    143           3580         432389    
    144           3580         435969    
    145           3580         439549    
    146           3580         443129    
    147           3580         446709    
    148           3580         450289    
    149           3580         453869    
    150           3580         457449    
    151           3580         461029    
    152           3580         464609    
    153           3580         468189    
    154           3580         471769    
    155           3580         475349    
    156           3580         478929    
    157           3580         482509    
    158           3580         486089    
    159           3580         489669    
    160           3580         493249    
    161           3580         496829    
    162           3580         500409    
    163           3580         503989    
    164           3580         507569    
    165           3580         511149    
    166           3579         514728    
    167           3579         518307    
    168           3579         521886    
    169           3579         525465    
    170           3579         529044    
    171           3578         532622    
    172           3578         536200    
    173           3577         539777    
    174           3577         543354    
    175           3576         546930    
    176           3576         550506    
    177           3575         554081    
    178           3575         557656    
    179           3575         561231    
    180           3593         564824    

Scene                        Shape Bytes    Text Bytes    ActionScript Bytes
-------------------------    -----------    ----------    ------------------
recycling                             17             0                    30
b                                      0             0                     0
c                                      0             0                     0
d                                      0             0                     0
e                                      0             0                     0
f                                      0             0                     0
g                                      0             0                     0

Symbol                       Shape Bytes    Text Bytes    ActionScript Bytes
-------------------------    -----------    ----------    ------------------
Symbol 22                              0             0                     0
div                                    0             0                     0
form                                   0             0                     0
rec2                                   0             0                     0
violet rec                             0             0                     0
cholesterol                            0             0                     0
lysosome                               0             0                     0
last end                               0             0                     0
active enz                             0             0                     0
Symbol 21                              0             0                     0
Symbol 20                              0             0                     0
proton pomp                           31             0                     0
rec green                             46             0                     0
rec+LDL                                0             0                     0
red rec                               58             0                     0
green bal                              0             0                     0
red ball                               0             0                     0
LDL                                   73             0                     0
REC                                    0             0                     0
GREEN REC                              0             0                     0
YELLOW PROT                            0             0                     0
ORANGE PROT                            0             0                     0
BLU PROT                               0             0                     0
PINK                                   0             0                     0
CYTO                                   0             0                     0
SKY                                    0             0                     0
BALL GREEN                            30             0                     0
GREEN                                 41             0                     0
round                                 37             0                     0
ball                                  30             0                     0
back                                   0             0                     0
group phos                             0             0                     0
group pho                              0             0                     0
phospholipid                          79             0                     0
Symbol 19                              0             0                     0
Symbol 18                              0             0                     0
Symbol 17                              0             0                     0
FUSION                                 0             0                     0
ENZ                                    0             0                     0
ENZ INAC                               0             0                     0
INACTIVE ENZ                           0             0                     0
Symbol 16                              0             0                     0
Symbol 15                              0             0                     0
Symbol 14                              0             0                     0
Symbol 13                              0             0                     0
SMALL VESC                             0             0                     0
Symbol 12                              0             0                     0
Symbol 11                              0             0                     0
Symbol 10                              0             0                     0
Symbol 9                               0             0                     0
Symbol 8                               0             0                     0
Symbol 7                               0             0                     0
Symbol 6                               0             0                     0
Symbol 5                             106             0                     0
Symbol 4                               0             0                     0
endo2                                134             0                     0
endosome2                              0             0                     0
endosome                               0             0                     0
endosome gradient                      0             0                     0
ph scale                              72            81                     0
receptors green                        0             0                     0
inactive receptor                     42             0                     0
uncoated-vescic                        0             0                     0
coated-vesc                            0             0                     0
rec-clath                              0             0                     0
lig_rec-adapt                          0             0                     0
clathrinBoundReceptor                  0             0                     0
clathrin                               0             0                     0
pH_scale                              22             0                     0
Symbol 3                               0             0                     0
Symbol 2                               0             0                     0
Symbol 1                               0             0                     0
sphere                                37             0                     0
Tween 26                               0             0                     0
Tween 28                               0             0                     0
pacman                                 0             0                     0
shadow                                 0             0                     0
hazy ring 3                            0             0                     0
hazy ring 2                            0             0                     0
haze                                   0             0                     0
arcade button - blue                   0             0                     0
endo3                                  0             0                     0

Font Name                 Bytes        Characters    
----------------------    ---------    --------------
Verdana Bold                    354     567hp

ActionScript Bytes    Location
------------------    --------
                15    recycling:Layer 5:1
                15    recycling:Layer 5:180




